2
452
875
2
775
161
2
103
412
2
241
492
2
786
409
2
346
211
2
342
745
2
468
560
2
289
955
2
326
197
2
143
955
2
470
923
2
715
309
2
290
474
2
193
198
2
398
300
2
166
520
2
906
912
2
1010
709
2
790
478
2
403
229
2
667
161
2
213
1064
2
217
726
2
368
731
2
443
950
2
724
185
2
357
1061
2
126
257
2
940
269
2
934
658
2
578
740
2
629
360
2
439
254
2
769
944
2
1033
779
2
954
1042
2
212
622
2
520
974
2
432
191
2
794
992
2
461
251
2
319
468
2
535
1031
2
972
341
2
541
759
2
356
921
2
438
871
2
198
549
2
326
160
2
493
782
2
167
445
2
407
852
2
268
454
2
1096
505
2
791
253
2
800
440
2
179
735
2
812
120
2
995
767
2
1008
896
2
670
162
2
403
974
2
629
421
2
595
364
2
863
1057
2
785
595
2
946
206
2
650
307
2
934
227
4
ship-0
13
4669
4
ship-1
21
1255
4
ship-2
19
3339
4
ship-3
21
3229
4
ship-4
10
1107
4
ship-5
9
1714
4
ship-6
20
1521
4
ship-7
11
764
4
ship-8
13
2611
4
ship-9
16
5973
4
ship-10
20
1937
4
ship-11
24
715
4
ship-12
14
6363
4
ship-13
12
2570
4
ship-14
11
6406
4
ship-15
18
612
4
ship-16
18
1250
4
ship-17
14
2443
4
ship-18
18
2596
4
ship-19
10
1680
4
ship-20
12
4572
4
ship-21
17
1525
4
ship-22
18
4044
4
ship-23
9
3229
4
ship-24
13
3318
4
ship-25
9
4417
4
ship-26
6
2107
4
ship-27
20
567
4
ship-28
12
5986
4
ship-29
21
5988
4
ship-30
15
6232
4
ship-31
15
3955
4
ship-32
16
1088
4
ship-33
16
4493
4
ship-34
21
5707
4
ship-35
19
2996
4
ship-36
10
1927
4
ship-37
24
5581
4
ship-38
16
3613
4
ship-39
6
1113
1
7
1
q
