2
582
336
2
760
347
2
1075
600
2
380
797
2
475
1088
2
933
235
2
369
680
2
755
509
2
883
836
2
737
822
2
608
176
2
430
728
2
653
642
2
483
242
2
541
960
2
453
1040
2
322
749
2
144
1064
2
860
1030
2
106
686
2
984
1092
2
931
621
2
272
1061
2
490
300
2
423
353
2
760
990
2
482
1059
2
756
739
2
197
1071
2
450
882
2
678
742
2
560
603
2
1068
196
2
647
903
2
908
668
2
512
104
2
383
896
2
691
463
2
596
686
2
628
565
2
1045
295
2
1030
1079
2
650
702
2
828
227
2
296
322
2
458
512
2
846
726
2
255
713
2
1039
271
2
727
608
2
677
374
2
509
1068
2
601
120
2
579
1028
2
213
406
2
1078
267
2
797
165
2
397
1098
2
384
500
2
824
491
2
825
1046
2
418
399
2
872
190
2
203
416
2
872
723
2
559
1003
2
290
137
2
162
325
2
287
231
2
272
461
2
321
467
2
107
629
2
445
800
2
1067
1049
2
884
1024
2
384
117
2
478
266
2
1045
883
2
793
110
2
345
155
2
421
559
2
238
850
2
1068
414
2
593
325
2
378
342
2
999
1054
2
576
690
2
494
456
2
608
104
2
725
340
2
771
930
2
728
931
2
636
660
2
828
369
2
244
213
2
413
1078
2
1010
656
2
896
981
2
966
995
2
510
740
2
400
659
2
238
1006
2
1082
808
2
238
663
2
640
371
2
387
854
2
500
900
2
151
457
2
203
1019
2
395
621
2
283
460
2
915
769
2
427
240
2
998
570
2
1096
705
2
518
897
2
305
235
2
718
1064
2
209
1040
2
765
682
2
523
158
2
175
731
2
660
405
2
788
396
2
900
841
2
208
364
2
345
919
2
324
386
2
592
559
2
637
1071
2
322
1026
2
758
769
2
496
396
2
118
765
2
487
622
2
446
141
2
446
456
2
990
389
2
905
553
2
775
1066
2
1046
692
2
112
137
2
724
784
2
486
380
2
815
830
2
201
428
2
144
532
2
330
631
2
180
1039
2
570
1056
2
338
396
2
403
584
2
862
921
2
548
497
2
969
143
2
417
424
2
494
106
2
955
204
2
630
536
2
587
256
2
617
1021
2
291
327
2
312
495
2
879
683
2
1005
1070
2
372
1068
2
463
653
2
191
1033
2
292
512
2
501
697
2
1026
126
2
219
122
2
362
258
2
1054
371
2
1045
930
2
757
278
2
681
120
2
617
526
2
449
248
2
667
196
2
1062
706
2
518
596
2
1037
370
2
953
702
2
339
799
2
478
480
2
722
1032
2
816
649
2
371
283
2
291
880
2
1071
767
2
639
956
2
255
793
2
874
503
2
1079
951
2
1064
144
2
591
999
2
804
594
2
912
694
2
788
145
4
ship-0
18
5229
4
ship-1
15
5755
4
ship-2
12
5148
4
ship-3
13
5767
4
ship-4
17
3563
4
ship-5
19
5352
4
ship-6
22
964
4
ship-7
11
3442
4
ship-8
6
6152
4
ship-9
24
2699
4
ship-10
5
3610
4
ship-11
13
1917
4
ship-12
20
3270
4
ship-13
14
1969
4
ship-14
12
1750
4
ship-15
17
3558
4
ship-16
12
5842
4
ship-17
10
2734
4
ship-18
16
607
4
ship-19
9
3922
4
ship-20
5
2218
4
ship-21
8
578
4
ship-22
19
5869
4
ship-23
21
1151
4
ship-24
19
3858
4
ship-25
19
3025
4
ship-26
5
1484
4
ship-27
9
6034
4
ship-28
15
6073
4
ship-29
15
2830
4
ship-30
15
3579
4
ship-31
6
5247
4
ship-32
15
5600
4
ship-33
23
3188
4
ship-34
23
5938
4
ship-35
21
904
4
ship-36
9
2857
4
ship-37
20
4403
4
ship-38
16
4605
4
ship-39
14
2025
4
ship-40
9
2410
4
ship-41
20
1776
4
ship-42
10
2037
4
ship-43
18
3824
4
ship-44
19
3759
4
ship-45
17
3846
4
ship-46
13
4699
4
ship-47
17
3680
4
ship-48
20
3174
4
ship-49
17
3362
4
ship-50
19
2244
4
ship-51
19
6293
4
ship-52
8
1444
4
ship-53
21
6062
4
ship-54
5
1751
4
ship-55
6
5831
4
ship-56
22
3114
4
ship-57
19
974
4
ship-58
7
5079
4
ship-59
17
5997
4
ship-60
21
5947
4
ship-61
20
3778
4
ship-62
13
2650
4
ship-63
9
3848
4
ship-64
24
3017
4
ship-65
7
3583
4
ship-66
24
570
4
ship-67
22
1753
4
ship-68
15
3645
4
ship-69
22
4179
4
ship-70
15
4628
4
ship-71
5
2806
4
ship-72
11
6123
4
ship-73
22
1249
4
ship-74
19
2161
4
ship-75
23
3893
4
ship-76
19
1374
4
ship-77
23
5475
4
ship-78
10
5602
4
ship-79
24
764
4
ship-80
16
561
4
ship-81
10
3470
4
ship-82
17
1586
4
ship-83
9
5483
4
ship-84
11
2891
4
ship-85
22
3109
4
ship-86
20
3749
4
ship-87
22
1258
4
ship-88
8
2710
4
ship-89
11
1321
4
ship-90
6
3969
4
ship-91
16
4270
4
ship-92
8
4581
4
ship-93
19
5078
4
ship-94
10
1748
4
ship-95
24
5208
4
ship-96
23
6112
4
ship-97
15
2194
4
ship-98
24
641
4
ship-99
6
603
1
7
1
q
