2
752
137
2
220
608
2
961
739
2
1027
204
2
761
171
2
868
229
2
518
828
2
590
137
2
305
1032
2
842
132
2
400
175
2
736
223
2
402
547
2
741
369
2
560
830
2
697
414
2
161
605
2
547
301
2
505
129
2
250
796
2
1086
421
2
948
462
2
476
973
2
526
746
2
198
305
2
923
881
2
288
144
2
360
417
2
329
669
2
814
978
2
944
410
2
412
619
2
236
614
2
746
694
2
990
758
2
1088
299
2
1054
433
2
1008
979
2
147
1085
2
311
436
2
1075
693
2
748
226
2
1091
925
2
972
699
2
512
138
2
382
1096
2
323
574
2
373
702
2
210
623
2
878
952
4
ship-0
20
5900
4
ship-1
6
4458
4
ship-2
7
2755
4
ship-3
13
4575
4
ship-4
21
6357
4
ship-5
9
2212
4
ship-6
7
3002
4
ship-7
17
2940
4
ship-8
8
2113
4
ship-9
21
3910
4
ship-10
13
2304
4
ship-11
22
2970
4
ship-12
22
1962
4
ship-13
24
2748
4
ship-14
21
1353
4
ship-15
10
4348
4
ship-16
9
5792
4
ship-17
6
1541
4
ship-18
18
4029
4
ship-19
10
2096
1
7
1
5
ship-0
1
5
ship-1
1
q
